25357
89879
80119
50290
9297
30571
7414
30978
16408
80109
55736
15357
80887
35014
16523
50286
34813
77562
54746
22680
19705
77000
27634
21008
64994
66109
37855
36383
68548
96070
83051
58026
44726
35748
61287
559
81318
50443
1570
75244
56265
17694
48033
56523
51253
85750
42760
11877
15962
75494
87283
40396
49574
82682
8268363579
34098
25957
68538
85391
12811
92830
61572
87751
39873
89538
82813
72068
43051
32626
21778
51276
99963
92821
88357
57745
35721
90402
46946
21790
82271
48038
6734
5069
34812
14092
1214
79643
16028
33553
93898
36207
7249
61873
74676
58553
42703
61238
67977
30566
45617
43350
98097
19865
93759
54285
86790
49823
77290
89156
42162
22903
19477
88452
62562
17202
7136
12012
8216
16965
63328
19458
7348
59797
75787
74456
23602
70329
70795
21618
67586
67178
95501
34379
96029
6726
68401
75357
14509
45453
15572
91008
14527
90384
1616
36323
64821
75662
44412
8434
29730
35289
58150
141
25308
59869
5507
32232
51788
49414
19425
74807
3022
24761
55999
12817
7682
79344
50166
20563
8100
59685
61458
2400
83084
34672
96327
36275
44634
14457
82263
11167
75291
48825
61256
13019
96781
57059
51199
90069
12385
75310
29942
32859
71787
22957
54467
58951
6435
39675
93921
60252
31671
46635
76296
16150
55656
70264
41689
21369
93608
93199
35318
48021
47323
82247
87862
18223
47569
98760
79956
33046
23989
89307
54309
46615
9341
84672
44462
494
26583
52877
26701
81400
32990
16960
34131
57702
44897
39351
32449
79388
76805
57596
46453
3285
378
18781
95513
14082
42618
64834
91631
41460
64400
37654
15081
94866
26746
44833
96169
73807
65481
28520
71069
40951
72828
80158
22504
69881
15695
49718
64436
27671
44306
59668
52257
7219
36882
48246
10907
57291
15565
40253
57887
75107
4757
3219
84631
75550
30793
30982
4391
86607
41433
97107
89858
186
37842
2777
44508
48314
48355
67280
852
6756
93964
51422
82972
20192
12568
33780
28995
94122
13677
78020
50718
3014
87513
60592
16613
48784
91727
81823
92306
82052
99401
2228
69304
36845
72224
84132
92376
40503
67329
56881
72156
46463
62058
54696
65731
38290
57913
6309
73902
19934
16055
50563
47825
73265
90961
29740
43628
11088
93781
55840
80842
59022
23298
27709
96791
75635
52899
66831

72758
71301
55577
88786
32293
87798
24838
66137
88016
36876
33179
90231
17825
84361
99222
87348
47100
90650
84369
36116
96544
62892
43790
67652
32839
5353
63153
48029
84141
14662
78566
18131
710
67500
34992
64568
8155
30579
11629
32490
47936
51350
51877
38270
41643
23416
54432
4448
30086
93346
53491
31248
37446
11309
13878
31404
27786
16030
4689
16553
98150
19224
71919
53068
71407
54264
33407
11086
72527
92923
93389
94438
88796
90785
73079
75559
53223
75979
55749
52948
71569
10240
3064
29818
88835
38200
32515
43551
1398
23580
31619
83052
37409
85052
13510
43240
5868
19337
21122
92118
44659
60291
29895
98452
42243
25755
28879
37149
17033
543
82304
80616
36217
16201
33304
20091
93295
75485
1765
76626
92820
52222
2892
65776
817
2025
94455
47579
56908
39768
76810
36875
97644
84602
86446
71359
33883
70553
98832
60599
17342
74423
41609
54377
33490
35815
59166
11441
94796
68509
45872
81664
94537
36571
52815
54533
74595
55654
48550
56044
25536
30479
77512
94866
26746
44833
96169
73807
65481
28520
71069
40951
72828
80158
22504
69881
15695
49718
64436
27671
44306
59668
52257
7219
36882
48246
10907
57291
15565
40253
57887
75107
4757
3219
84631
75550
30793
30982
4391
86607
41433
97107
89858
186
37842
2777
44508
48314
48355
67280
852
6756
93964
51422
82972
20192
12568
33780
28995
94122
13677
78020
50718
3014
87513
60592
16613
48784
91727
81823
92306
82052
99401
2228
69304
36845
72224
84132
92376
40503
67329
56881
72156
46463
62058
54696
65731
38290
57913
6309
73902
19934
16055
50563
47825
73265
90961
29740
43628
11088
93781
55840
80842
59022
23298
27709
96791
75635
52899
66831

72758
71301
55577
88786
32293
87798
24838
66137
88016
36876
33179
90231
17825
84361
99222
87348
47100
90650
84369
36116
96544
62892
43790
67652
32839
5353
63153
48029
84141
14662
78566
18131
710
67500
34992
64568
8155
30579
11629
32490
47936
51350
51877
38270
41643
23416
54432
4448
30086
93346
53491
31248
37446
11309
13878
31404
27786
16030
4689
16553
98150
19224
71919
53068
71407
54264
33407
11086
72527
92923
93389
